
YYYYMMDD Kp[8]           Sum ap[8]                   Ap
20130801 1+2-1-1 1+2 0+0  8+  5  6  3  4  5  7  2  0  4
20130802 0+1-0+1-0+1 1-0  4   2  3  2  3  2  4  3  0  2
20130803 1-0+0+0+1 1-1+2  7-  3  2  2  2  4  3  5  7  4
20130804 1+1 2+2+1+5-4-4 21-  5  4  9  9  5 39 22 27 15
20130805 4+4-2+3-2 2+3-2+22+ 32 22  9 12  7  9 12  9 14
20130806 2 1+2-1+1+0+1 2-11-  7  5  6  5  5  2  4  6  5
20130807 1+1 1+0+1-0+1-0  6-  5  4  5  2  3  2  3  0  3
20130808 0+0+1 0+1-1-1 2- 6   2  2  4  2  3  3  4  6  3
20130809 1-2 2-2 2 1 2+1+13   3  7  6  7  7  4  9  5  6
20130810 1 1+2-2-2+1-1 1 11-  4  5  6  6  9  3  4  4  5
20130811 1 1 1 1+1+1 1-1  8+  4  4  4  5  5  4  3  4  4
20130812 1 0+0+1-1-1 2-3  9-  4  2  2  3  3  4  6 15  5
20130813 2 0+0+2 1+3+3 2+15-  7  2  2  7  5 18 15  9  8
20130814 4-3 2-0+1 1+2+3 16+ 22 15  6  2  4  5  9 15 10
20130815 4-2+2 3-3-4-2-3+22  22  9  7 12 12 22  6 18 14
20130816 4-5+3+2+4+4+3+3+30  22 56 18  9 32 32 18 18 26
20130817 2+2+2+1+2 2-1+2-15   9  9  9  5  7  6  5  6  7
20130818 2-1-2 1+1+2-2 1 12-  6  3  7  5  5  6  7  4  5
20130819 2-1+1-1-1+1+1-1- 8+  6  5  3  3  5  5  3  3  4
20130820 1-0 0+1-0+1-1-2+ 6-  3  0  2  3  2  3  3  9  3
20130821 2+4-2+3 3 3+4 4+26   9 22  9 15 15 18 27 32 18
20130822 4-4-2+1+2-2-3 4-21  22 22  9  5  6  6 15 22 13
20130823 4+3 3+3-2 3-3-2+23  32 15 18 12  7 12 12  9 15
20130824 2+2-2-2-2+1+2 1 14   9  6  6  6  9  5  7  4  6
20130825 1 2-1+2-2 2 1-1+12-  4  6  5  6  7  7  3  5  5
20130826 2 1 1 1 1 1-2-2 10+  7  4  4  4  4  3  6  7  5
20130827 3-1-0+1+3 3 5 4+20+ 12  3  2  5 15 15 48 32 16
20130828 4 3 2 1+2-1+1-1 15  27 15  7  5  6  5  3  4  9
20130829 0+0 0+0+0+1-1-0+ 3   2  0  2  2  2  3  3  2  2
20130830 0 0 1 2 2 2-2+4 13   0  0  4  7  7  6  9 27  8
20130831 4 3-3 2+3-2-0+2+19  27 12 15  9 12  6  2  9 12
20130901 3+2 2+1+3-2 2+2+18+ 18  7  9  5 12  7  9  9 10
20130902 1+3+3+2 3-2-1+1-16+  5 18 18  7 12  6  5  3  9
20130903 1+0+1 2-2 1 2-3+12+  5  2  4  6  7  4  6 18  6
20130904 2 1-1 2-1+1-2-1+10+  7  3  4  6  5  3  6  5  5
20130905 0 0 0 2-1-1-1 1- 5-  0  0  0  6  3  3  4  3  2
20130906 1+1+1-1 1 1-2 2-10-  5  5  3  4  4  3  7  6  5
20130907 0+1 1 1-1-0+0+1- 5   2  4  4  3  3  2  2  3  3
20130908 2-3 1+1 2-1+1-0 11-  6 15  5  4  6  5  3  0  6
20130909 0 1 1+1 0+0+1-0+ 5   0  4  5  4  2  2  3  2  3
20130910 0 0 0 2+2+3-3-2+12+  0  0  0  9  9 12 12  9  6
20130911 2-0+1-2-2-1 2-2-10+  6  2  3  6  6  4  6  6  5
20130912 2+0+1+1+1 1+2 3-12+  9  2  5  5  4  5  7 12  6
20130913 3 2-2 1+2 4-2+1 17  15  6  7  5  7 22  9  4  9
20130914 2-2-2+1+1+0+1 1-10+  6  6  9  5  5  2  4  3  5
20130915 1+0 0 0 0 1-1-1  4-  5  0  0  0  0  3  3  4  2
20130916 2-1-1+1 1-1-0+1  7+  6  3  5  4  3  3  2  4  4
20130917 2-2+2+1-2-2-3 2 15+  6  9  9  3  6  6 15  7  8
20130918 2+2+0+1+2 3-2+3-16   9  9  2  5  7 12  9 12  8
20130919 3-3 4 4-2-2-3-2-21  12 15 27 22  6  6 12  6 13
20130920 2-2+2-1+2 0+1-2 12   6  9  6  5  7  2  3  7  6
20130921 1+2 2-3-2 2+2 2-16-  5  7  6 12  7  9  7  6  7
20130922 2+2 2 1-1+1-0+1-10   9  7  7  3  5  3  2  3  5
20130923 1-2 1+0+1-1-2-1+ 9-  3  7  5  2  3  3  6  5  4
20130924 2-1 1-4-4+3+1 1+17   6  4  3 22 32 18  4  5 12
20130925 3-2-2-0+0+0 0 1- 7+ 12  6  6  2  2  0  0  3  4
20130926 0 0 0 0+0+0 0+0  1   0  0  0  2  2  0  2  0  1
20130927 0 0 0 0 0+0 1-0+ 1+  0  0  0  0  2  0  3  2  1
20130928 0 0 0 0 0 0 0+0  0+  0  0  0  0  0  0  2  0  0
20130929 0 0 0 0 0 0 1 2- 3-  0  0  0  0  0  0  4  6  1
20130930 2-1 0+0 0 0 0 0+ 3+  6  4  2  0  0  0  0  2  2
