DATE       TIME         DOY     AE        AU        AL        AO 
2013-08-01 00:00:00.000 213        86.00     63.00    -23.00     20.00
2013-08-01 01:00:00.000 213       122.00     96.00    -27.00     35.00
2013-08-01 02:00:00.000 213       124.00    100.00    -23.00     39.00
2013-08-01 03:00:00.000 213       240.00    152.00    -88.00     32.00
2013-08-01 04:00:00.000 213       219.00    137.00    -82.00     28.00
2013-08-01 05:00:00.000 213       110.00     93.00    -17.00     38.00
2013-08-01 06:00:00.000 213       114.00     85.00    -30.00     28.00
2013-08-01 07:00:00.000 213       125.00     79.00    -46.00     17.00
2013-08-01 08:00:00.000 213       119.00     72.00    -46.00     13.00
2013-08-01 09:00:00.000 213        92.00     45.00    -47.00     -1.00
2013-08-01 10:00:00.000 213       128.00     46.00    -82.00    -18.00
2013-08-01 11:00:00.000 213       199.00     86.00   -113.00    -13.00
2013-08-01 12:00:00.000 213       181.00     88.00    -93.00     -2.00
2013-08-01 13:00:00.000 213       256.00    109.00   -147.00    -19.00
2013-08-01 14:00:00.000 213       221.00     91.00   -130.00    -20.00
2013-08-01 15:00:00.000 213       192.00     53.00   -138.00    -43.00
2013-08-01 16:00:00.000 213       170.00     50.00   -120.00    -35.00
2013-08-01 17:00:00.000 213       109.00     47.00    -62.00     -7.00
2013-08-01 18:00:00.000 213        70.00     57.00    -13.00     22.00
2013-08-01 19:00:00.000 213        44.00     31.00    -13.00      9.00
2013-08-01 20:00:00.000 213        42.00     21.00    -21.00      0.00
2013-08-01 21:00:00.000 213        50.00     22.00    -28.00     -3.00
2013-08-01 22:00:00.000 213        42.00     16.00    -26.00     -5.00
2013-08-01 23:00:00.000 213        38.00     18.00    -20.00     -1.00
2013-08-02 00:00:00.000 214        55.00     31.00    -24.00      3.00
2013-08-02 01:00:00.000 214        69.00     42.00    -26.00      8.00
2013-08-02 02:00:00.000 214        86.00     63.00    -23.00     20.00
2013-08-02 03:00:00.000 214       100.00     76.00    -24.00     26.00
2013-08-02 04:00:00.000 214        97.00     79.00    -18.00     31.00
2013-08-02 05:00:00.000 214        55.00     41.00    -14.00     14.00
2013-08-02 06:00:00.000 214        65.00     43.00    -23.00     10.00
2013-08-02 07:00:00.000 214        43.00     23.00    -20.00      2.00
2013-08-02 08:00:00.000 214        62.00     43.00    -19.00     12.00
2013-08-02 09:00:00.000 214       160.00     31.00   -129.00    -49.00
2013-08-02 10:00:00.000 214       121.00     46.00    -75.00    -15.00
2013-08-02 11:00:00.000 214        45.00     26.00    -19.00      4.00
2013-08-02 12:00:00.000 214        37.00     19.00    -18.00      1.00
2013-08-02 13:00:00.000 214        51.00     17.00    -34.00     -9.00
2013-08-02 14:00:00.000 214        33.00     13.00    -19.00     -3.00
2013-08-02 15:00:00.000 214        72.00     23.00    -48.00    -13.00
2013-08-02 16:00:00.000 214        86.00     33.00    -53.00    -10.00
2013-08-02 17:00:00.000 214        87.00     31.00    -55.00    -12.00
2013-08-02 18:00:00.000 214        60.00     29.00    -30.00     -1.00
2013-08-02 19:00:00.000 214        53.00     29.00    -24.00      3.00
2013-08-02 20:00:00.000 214        53.00     29.00    -23.00      3.00
2013-08-02 21:00:00.000 214        39.00     17.00    -23.00     -3.00
2013-08-02 22:00:00.000 214        45.00     19.00    -26.00     -3.00
2013-08-02 23:00:00.000 214        48.00     20.00    -28.00     -4.00
2013-08-03 00:00:00.000 215        50.00     22.00    -28.00     -3.00
2013-08-03 01:00:00.000 215        55.00     29.00    -26.00      2.00
2013-08-03 02:00:00.000 215        49.00     27.00    -22.00      3.00
2013-08-03 03:00:00.000 215        45.00     25.00    -20.00      3.00
2013-08-03 04:00:00.000 215        42.00     23.00    -20.00      2.00
2013-08-03 05:00:00.000 215        34.00     20.00    -14.00      4.00
2013-08-03 06:00:00.000 215        50.00     34.00    -16.00      9.00
2013-08-03 07:00:00.000 215        62.00     47.00    -15.00     16.00
2013-08-03 08:00:00.000 215        71.00     54.00    -17.00     19.00
2013-08-03 09:00:00.000 215        72.00     48.00    -23.00     13.00
2013-08-03 10:00:00.000 215        67.00     36.00    -31.00      3.00
2013-08-03 11:00:00.000 215        79.00     32.00    -47.00     -7.00
2013-08-03 12:00:00.000 215        75.00     39.00    -37.00      1.00
2013-08-03 13:00:00.000 215        97.00     55.00    -42.00      7.00
2013-08-03 14:00:00.000 215       130.00     66.00    -64.00      1.00
2013-08-03 15:00:00.000 215       173.00     61.00   -112.00    -26.00
2013-08-03 16:00:00.000 215       117.00     45.00    -72.00    -14.00
2013-08-03 17:00:00.000 215        49.00     34.00    -15.00     10.00
2013-08-03 18:00:00.000 215        67.00     44.00    -23.00     11.00
2013-08-03 19:00:00.000 215        78.00     40.00    -38.00      1.00
2013-08-03 20:00:00.000 215        65.00     32.00    -32.00      0.00
2013-08-03 21:00:00.000 215       155.00     58.00    -97.00    -20.00
2013-08-03 22:00:00.000 215       284.00     92.00   -192.00    -51.00
2013-08-03 23:00:00.000 215       233.00     96.00   -137.00    -21.00
2013-08-04 00:00:00.000 216       110.00     73.00    -37.00     18.00
2013-08-04 01:00:00.000 216        89.00     59.00    -31.00     14.00
2013-08-04 02:00:00.000 216        80.00     44.00    -36.00      4.00
2013-08-04 03:00:00.000 216        79.00     50.00    -29.00     10.00
2013-08-04 04:00:00.000 216        61.00     42.00    -19.00     12.00
2013-08-04 05:00:00.000 216        69.00     60.00     -9.00     25.00
2013-08-04 06:00:00.000 216       121.00    102.00    -19.00     42.00
2013-08-04 07:00:00.000 216       203.00     99.00   -104.00     -2.00
2013-08-04 08:00:00.000 216       292.00    132.00   -160.00    -14.00
2013-08-04 09:00:00.000 216       421.00    182.00   -239.00    -28.00
2013-08-04 10:00:00.000 216       125.00     96.00    -29.00     34.00
2013-08-04 11:00:00.000 216       103.00     80.00    -23.00     29.00
2013-08-04 12:00:00.000 216        88.00     70.00    -18.00     26.00
2013-08-04 13:00:00.000 216        78.00     69.00     -9.00     30.00
2013-08-04 14:00:00.000 216        83.00     57.00    -26.00     16.00
2013-08-04 15:00:00.000 216       167.00     92.00    -75.00      9.00
2013-08-04 16:00:00.000 216       457.00    232.00   -225.00      3.00
2013-08-04 17:00:00.000 216       728.00    294.00   -434.00    -70.00
2013-08-04 18:00:00.000 216       690.00    318.00   -372.00    -27.00
2013-08-04 19:00:00.000 216       573.00    269.00   -304.00    -18.00
2013-08-04 20:00:00.000 216       696.00    377.00   -320.00     29.00
2013-08-04 21:00:00.000 216       761.00    353.00   -408.00    -28.00
2013-08-04 22:00:00.000 216       619.00    280.00   -339.00    -29.00
2013-08-04 23:00:00.000 216       457.00    226.00   -231.00     -3.00
2013-08-05 00:00:00.000 217       752.00    206.00   -545.00   -170.00
2013-08-05 01:00:00.000 217       749.00    228.00   -521.00   -147.00
2013-08-05 02:00:00.000 217       686.00    238.00   -448.00   -105.00
2013-08-05 03:00:00.000 217       594.00    212.00   -383.00    -86.00
2013-08-05 04:00:00.000 217       587.00    205.00   -382.00    -88.00
2013-08-05 05:00:00.000 217       446.00    156.00   -290.00    -67.00
2013-08-05 06:00:00.000 217       417.00    213.00   -204.00      4.00
2013-08-05 07:00:00.000 217       360.00    162.00   -199.00    -19.00
2013-08-05 08:00:00.000 217       530.00    258.00   -272.00     -7.00
2013-08-05 09:00:00.000 217       561.00    239.00   -322.00    -41.00
2013-08-05 10:00:00.000 217       442.00    160.00   -283.00    -62.00
2013-08-05 11:00:00.000 217       442.00    206.00   -235.00    -15.00
2013-08-05 12:00:00.000 217       290.00    104.00   -186.00    -41.00
2013-08-05 13:00:00.000 217       164.00     75.00    -89.00     -7.00
2013-08-05 14:00:00.000 217        76.00     52.00    -24.00     14.00
2013-08-05 15:00:00.000 217       124.00     66.00    -58.00      4.00
2013-08-05 16:00:00.000 217       234.00    102.00   -132.00    -15.00
2013-08-05 17:00:00.000 217       350.00    119.00   -230.00    -56.00
2013-08-05 18:00:00.000 217       109.00     62.00    -47.00      7.00
2013-08-05 19:00:00.000 217       256.00    115.00   -141.00    -13.00
2013-08-05 20:00:00.000 217       491.00    173.00   -318.00    -73.00
2013-08-05 21:00:00.000 217       400.00    171.00   -229.00    -30.00
2013-08-05 22:00:00.000 217       388.00    158.00   -230.00    -36.00
2013-08-05 23:00:00.000 217       474.00    210.00   -264.00    -27.00
2013-08-06 00:00:00.000 218       337.00    125.00   -212.00    -43.00
2013-08-06 01:00:00.000 218       153.00     81.00    -72.00      4.00
2013-08-06 02:00:00.000 218        88.00     47.00    -40.00      3.00
2013-08-06 03:00:00.000 218       157.00     92.00    -66.00     13.00
2013-08-06 04:00:00.000 218       337.00    140.00   -196.00    -28.00
2013-08-06 05:00:00.000 218       209.00     89.00   -120.00    -15.00
2013-08-06 06:00:00.000 218       173.00     90.00    -83.00      4.00
2013-08-06 07:00:00.000 218       191.00     78.00   -113.00    -18.00
2013-08-06 08:00:00.000 218       191.00     93.00    -99.00     -3.00
2013-08-06 09:00:00.000 218        86.00     62.00    -25.00     19.00
2013-08-06 10:00:00.000 218        97.00     54.00    -43.00      6.00
2013-08-06 11:00:00.000 218       197.00    114.00    -83.00     15.00
2013-08-06 12:00:00.000 218       192.00    114.00    -78.00     18.00
2013-08-06 13:00:00.000 218       129.00     52.00    -78.00    -13.00
2013-08-06 14:00:00.000 218        44.00     23.00    -21.00      1.00
2013-08-06 15:00:00.000 218        60.00     17.00    -43.00    -13.00
2013-08-06 16:00:00.000 218        52.00     21.00    -31.00     -5.00
2013-08-06 17:00:00.000 218        42.00     22.00    -20.00      1.00
2013-08-06 18:00:00.000 218        40.00     22.00    -18.00      3.00
2013-08-06 19:00:00.000 218        59.00     32.00    -27.00      3.00
2013-08-06 20:00:00.000 218       115.00     60.00    -56.00      2.00
2013-08-06 21:00:00.000 218       276.00     61.00   -215.00    -77.00
2013-08-06 22:00:00.000 218       122.00     36.00    -85.00    -25.00
2013-08-06 23:00:00.000 218        91.00     47.00    -44.00      2.00
2013-08-07 00:00:00.000 219        94.00     55.00    -39.00      8.00
2013-08-07 01:00:00.000 219        88.00     36.00    -53.00     -9.00
2013-08-07 02:00:00.000 219        71.00     33.00    -38.00     -3.00
2013-08-07 03:00:00.000 219        64.00     32.00    -32.00      0.00
2013-08-07 04:00:00.000 219        54.00     29.00    -25.00      2.00
2013-08-07 05:00:00.000 219        78.00     54.00    -24.00     15.00
2013-08-07 06:00:00.000 219       166.00     70.00    -96.00    -13.00
2013-08-07 07:00:00.000 219        90.00     28.00    -63.00    -18.00
2013-08-07 08:00:00.000 219        44.00     23.00    -21.00      1.00
2013-08-07 09:00:00.000 219        52.00     23.00    -30.00     -4.00
2013-08-07 10:00:00.000 219        77.00     44.00    -33.00      6.00
2013-08-07 11:00:00.000 219        61.00     25.00    -36.00     -5.00
2013-08-07 12:00:00.000 219        77.00     36.00    -41.00     -2.00
2013-08-07 13:00:00.000 219        87.00     55.00    -32.00     12.00
2013-08-07 14:00:00.000 219       138.00     66.00    -72.00     -3.00
2013-08-07 15:00:00.000 219       144.00     50.00    -93.00    -22.00
2013-08-07 16:00:00.000 219        70.00     25.00    -45.00    -10.00
2013-08-07 17:00:00.000 219        45.00     23.00    -22.00      1.00
2013-08-07 18:00:00.000 219        42.00     23.00    -19.00      2.00
2013-08-07 19:00:00.000 219        71.00     33.00    -38.00     -2.00
2013-08-07 20:00:00.000 219        57.00     19.00    -38.00    -10.00
2013-08-07 21:00:00.000 219        43.00     16.00    -28.00     -6.00
2013-08-07 22:00:00.000 219        47.00     20.00    -27.00     -3.00
2013-08-07 23:00:00.000 219        50.00     21.00    -29.00     -4.00
2013-08-08 00:00:00.000 220        62.00     25.00    -37.00     -6.00
2013-08-08 01:00:00.000 220        66.00     29.00    -37.00     -4.00
2013-08-08 02:00:00.000 220        61.00     19.00    -42.00    -12.00
2013-08-08 03:00:00.000 220        64.00     19.00    -44.00    -13.00
2013-08-08 04:00:00.000 220        64.00     31.00    -33.00     -1.00
2013-08-08 05:00:00.000 220        52.00     27.00    -25.00      1.00
2013-08-08 06:00:00.000 220       101.00     72.00    -28.00     22.00
2013-08-08 07:00:00.000 220       156.00     84.00    -72.00      6.00
2013-08-08 08:00:00.000 220       170.00     64.00   -106.00    -21.00
2013-08-08 09:00:00.000 220       132.00     66.00    -66.00      0.00
2013-08-08 10:00:00.000 220        73.00     29.00    -44.00     -8.00
2013-08-08 11:00:00.000 220        50.00     19.00    -31.00     -6.00
2013-08-08 12:00:00.000 220        60.00     33.00    -27.00      3.00
2013-08-08 13:00:00.000 220        71.00     45.00    -27.00      9.00
2013-08-08 14:00:00.000 220       110.00     47.00    -62.00     -7.00
2013-08-08 15:00:00.000 220       210.00     75.00   -136.00    -31.00
2013-08-08 16:00:00.000 220       138.00     35.00   -103.00    -34.00
2013-08-08 17:00:00.000 220       112.00     33.00    -78.00    -23.00
2013-08-08 18:00:00.000 220        91.00     38.00    -53.00     -7.00
2013-08-08 19:00:00.000 220        64.00     28.00    -36.00     -4.00
2013-08-08 20:00:00.000 220        62.00     37.00    -25.00      6.00
2013-08-08 21:00:00.000 220        82.00     45.00    -36.00      5.00
2013-08-08 22:00:00.000 220        55.00     26.00    -29.00     -1.00
2013-08-08 23:00:00.000 220        65.00     38.00    -27.00      6.00
2013-08-09 00:00:00.000 221        74.00     40.00    -34.00      3.00
2013-08-09 01:00:00.000 221        63.00     24.00    -39.00     -8.00
2013-08-09 02:00:00.000 221        62.00     18.00    -44.00    -13.00
2013-08-09 03:00:00.000 221        55.00     23.00    -33.00     -5.00
2013-08-09 04:00:00.000 221        66.00     50.00    -16.00     17.00
2013-08-09 05:00:00.000 221       141.00     92.00    -49.00     22.00
2013-08-09 06:00:00.000 221       224.00     98.00   -126.00    -14.00
2013-08-09 07:00:00.000 221       131.00     65.00    -66.00     -1.00
2013-08-09 08:00:00.000 221       144.00     95.00    -49.00     24.00
2013-08-09 09:00:00.000 221       157.00     81.00    -76.00      3.00
2013-08-09 10:00:00.000 221       335.00    126.00   -209.00    -42.00
2013-08-09 11:00:00.000 221       348.00    173.00   -175.00     -1.00
2013-08-09 12:00:00.000 221       194.00    120.00    -74.00     23.00
2013-08-09 13:00:00.000 221        72.00     40.00    -33.00      4.00
2013-08-09 14:00:00.000 221        61.00     32.00    -29.00      2.00
2013-08-09 15:00:00.000 221        52.00     27.00    -25.00      1.00
2013-08-09 16:00:00.000 221        56.00     21.00    -35.00     -7.00
2013-08-09 17:00:00.000 221        60.00     28.00    -32.00     -2.00
2013-08-09 18:00:00.000 221        58.00     32.00    -26.00      3.00
2013-08-09 19:00:00.000 221       163.00     64.00    -99.00    -17.00
2013-08-09 20:00:00.000 221       246.00     80.00   -166.00    -44.00
2013-08-09 21:00:00.000 221        89.00     39.00    -50.00     -6.00
2013-08-09 22:00:00.000 221        79.00     41.00    -38.00      2.00
2013-08-09 23:00:00.000 221        81.00     38.00    -43.00     -3.00
2013-08-10 00:00:00.000 222        92.00     38.00    -54.00     -8.00
2013-08-10 01:00:00.000 222       133.00     67.00    -66.00      1.00
2013-08-10 02:00:00.000 222       122.00     63.00    -59.00      2.00
2013-08-10 03:00:00.000 222       107.00     54.00    -54.00      0.00
2013-08-10 04:00:00.000 222        87.00     44.00    -43.00      0.00
2013-08-10 05:00:00.000 222       128.00     75.00    -53.00     11.00
2013-08-10 06:00:00.000 222       268.00    121.00   -147.00    -13.00
2013-08-10 07:00:00.000 222       235.00    103.00   -132.00    -15.00
2013-08-10 08:00:00.000 222       154.00     78.00    -76.00      1.00
2013-08-10 09:00:00.000 222       139.00     82.00    -57.00     13.00
2013-08-10 10:00:00.000 222       296.00    133.00   -163.00    -15.00
2013-08-10 11:00:00.000 222       125.00     43.00    -82.00    -19.00
2013-08-10 12:00:00.000 222        45.00     28.00    -17.00      6.00
2013-08-10 13:00:00.000 222       153.00     92.00    -61.00     16.00
2013-08-10 14:00:00.000 222       148.00     44.00   -105.00    -31.00
2013-08-10 15:00:00.000 222        75.00     33.00    -42.00     -4.00
2013-08-10 16:00:00.000 222        55.00     34.00    -21.00      7.00
2013-08-10 17:00:00.000 222        40.00     21.00    -19.00      2.00
2013-08-10 18:00:00.000 222        37.00     21.00    -16.00      3.00
2013-08-10 19:00:00.000 222        46.00     27.00    -19.00      4.00
2013-08-10 20:00:00.000 222        52.00     27.00    -25.00      1.00
2013-08-10 21:00:00.000 222        59.00     34.00    -26.00      4.00
2013-08-10 22:00:00.000 222        54.00     24.00    -30.00     -3.00
2013-08-10 23:00:00.000 222        59.00     19.00    -40.00    -11.00
2013-08-11 00:00:00.000 223        61.00     19.00    -43.00    -12.00
2013-08-11 01:00:00.000 223        63.00     18.00    -45.00    -14.00
2013-08-11 02:00:00.000 223        83.00     41.00    -42.00     -1.00
2013-08-11 03:00:00.000 223        89.00     51.00    -38.00      7.00
2013-08-11 04:00:00.000 223        85.00     52.00    -34.00      9.00
2013-08-11 05:00:00.000 223        74.00     41.00    -33.00      4.00
2013-08-11 06:00:00.000 223        79.00     40.00    -39.00      0.00
2013-08-11 07:00:00.000 223        85.00     52.00    -33.00     10.00
2013-08-11 08:00:00.000 223       144.00     50.00    -94.00    -22.00
2013-08-11 09:00:00.000 223        91.00     41.00    -50.00     -5.00
2013-08-11 10:00:00.000 223       261.00     52.00   -209.00    -79.00
2013-08-11 11:00:00.000 223       175.00     41.00   -134.00    -46.00
2013-08-11 12:00:00.000 223        87.00     25.00    -62.00    -18.00
2013-08-11 13:00:00.000 223        59.00     30.00    -28.00      1.00
2013-08-11 14:00:00.000 223        44.00     21.00    -23.00     -1.00
2013-08-11 15:00:00.000 223        44.00     14.00    -30.00     -8.00
2013-08-11 16:00:00.000 223        72.00     16.00    -56.00    -20.00
2013-08-11 17:00:00.000 223       148.00     29.00   -119.00    -46.00
2013-08-11 18:00:00.000 223        57.00     19.00    -38.00    -10.00
2013-08-11 19:00:00.000 223        53.00     17.00    -36.00    -10.00
2013-08-11 20:00:00.000 223        63.00     26.00    -37.00     -5.00
2013-08-11 21:00:00.000 223        96.00     31.00    -65.00    -17.00
2013-08-11 22:00:00.000 223       104.00     44.00    -61.00     -9.00
2013-08-11 23:00:00.000 223        76.00     25.00    -51.00    -13.00
2013-08-12 00:00:00.000 224        58.00     13.00    -44.00    -16.00
2013-08-12 01:00:00.000 224        79.00     28.00    -51.00    -12.00
2013-08-12 02:00:00.000 224        72.00     25.00    -47.00    -11.00
2013-08-12 03:00:00.000 224        65.00     25.00    -40.00     -8.00
2013-08-12 04:00:00.000 224        66.00     31.00    -35.00     -2.00
2013-08-12 05:00:00.000 224        81.00     45.00    -36.00      5.00
2013-08-12 06:00:00.000 224        83.00     46.00    -37.00      5.00
2013-08-12 07:00:00.000 224        68.00     30.00    -38.00     -5.00
2013-08-12 08:00:00.000 224        71.00     35.00    -35.00      0.00
2013-08-12 09:00:00.000 224        57.00     27.00    -30.00     -1.00
2013-08-12 10:00:00.000 224        54.00     22.00    -33.00     -6.00
2013-08-12 11:00:00.000 224        51.00     18.00    -32.00     -7.00
2013-08-12 12:00:00.000 224        51.00     18.00    -34.00     -8.00
2013-08-12 13:00:00.000 224        46.00     19.00    -27.00     -4.00
2013-08-12 14:00:00.000 224        40.00     20.00    -21.00      0.00
2013-08-12 15:00:00.000 224        49.00     17.00    -32.00     -7.00
2013-08-12 16:00:00.000 224        90.00     24.00    -65.00    -21.00
2013-08-12 17:00:00.000 224       186.00     42.00   -144.00    -51.00
2013-08-12 18:00:00.000 224       118.00     43.00    -75.00    -16.00
2013-08-12 19:00:00.000 224        85.00     48.00    -37.00      6.00
2013-08-12 20:00:00.000 224       231.00     75.00   -156.00    -40.00
2013-08-12 21:00:00.000 224       287.00     89.00   -198.00    -55.00
2013-08-12 22:00:00.000 224       227.00    116.00   -111.00      3.00
2013-08-12 23:00:00.000 224       275.00    101.00   -174.00    -37.00
2013-08-13 00:00:00.000 225       129.00     54.00    -75.00    -10.00
2013-08-13 01:00:00.000 225        68.00     34.00    -34.00      0.00
2013-08-13 02:00:00.000 225        57.00     20.00    -36.00     -8.00
2013-08-13 03:00:00.000 225        55.00     19.00    -36.00     -9.00
2013-08-13 04:00:00.000 225        47.00     16.00    -31.00     -7.00
2013-08-13 05:00:00.000 225        48.00     24.00    -24.00      0.00
2013-08-13 06:00:00.000 225        59.00     32.00    -27.00      3.00
2013-08-13 07:00:00.000 225        59.00     32.00    -26.00      3.00
2013-08-13 08:00:00.000 225        68.00     45.00    -22.00     12.00
2013-08-13 09:00:00.000 225       108.00     70.00    -38.00     16.00
2013-08-13 10:00:00.000 225       204.00     88.00   -116.00    -14.00
2013-08-13 11:00:00.000 225       302.00    131.00   -171.00    -20.00
2013-08-13 12:00:00.000 225       202.00    129.00    -73.00     28.00
2013-08-13 13:00:00.000 225        62.00     42.00    -20.00     12.00
2013-08-13 14:00:00.000 225        62.00     40.00    -22.00      9.00
2013-08-13 15:00:00.000 225       154.00     74.00    -81.00     -3.00
2013-08-13 16:00:00.000 225       210.00     93.00   -116.00    -11.00
2013-08-13 17:00:00.000 225       433.00    124.00   -309.00    -92.00
2013-08-13 18:00:00.000 225       244.00     69.00   -175.00    -53.00
2013-08-13 19:00:00.000 225       183.00     91.00    -91.00      0.00
2013-08-13 20:00:00.000 225       410.00    151.00   -258.00    -54.00
2013-08-13 21:00:00.000 225       433.00    150.00   -283.00    -66.00
2013-08-13 22:00:00.000 225       209.00    143.00    -66.00     38.00
2013-08-13 23:00:00.000 225       160.00    114.00    -46.00     34.00
2013-08-14 00:00:00.000 226       284.00    151.00   -133.00      9.00
2013-08-14 01:00:00.000 226       446.00    155.00   -290.00    -68.00
2013-08-14 02:00:00.000 226       480.00    191.00   -289.00    -49.00
2013-08-14 03:00:00.000 226       444.00    200.00   -244.00    -22.00
2013-08-14 04:00:00.000 226       431.00    190.00   -241.00    -26.00
2013-08-14 05:00:00.000 226       511.00    205.00   -306.00    -51.00
2013-08-14 06:00:00.000 226       221.00     98.00   -123.00    -13.00
2013-08-14 07:00:00.000 226       121.00     81.00    -41.00     20.00
2013-08-14 08:00:00.000 226        65.00     28.00    -37.00     -5.00
2013-08-14 09:00:00.000 226        57.00     25.00    -32.00     -4.00
2013-08-14 10:00:00.000 226        63.00     20.00    -43.00    -12.00
2013-08-14 11:00:00.000 226        57.00     18.00    -39.00    -10.00
2013-08-14 12:00:00.000 226        59.00     27.00    -32.00     -3.00
2013-08-14 13:00:00.000 226        64.00     35.00    -28.00      4.00
2013-08-14 14:00:00.000 226        89.00     47.00    -42.00      2.00
2013-08-14 15:00:00.000 226       121.00     34.00    -86.00    -26.00
2013-08-14 16:00:00.000 226        71.00     33.00    -38.00     -3.00
2013-08-14 17:00:00.000 226        98.00     27.00    -71.00    -22.00
2013-08-14 18:00:00.000 226        80.00     38.00    -42.00     -2.00
2013-08-14 19:00:00.000 226       205.00     81.00   -124.00    -22.00
2013-08-14 20:00:00.000 226       279.00    129.00   -150.00    -11.00
2013-08-14 21:00:00.000 226       424.00    190.00   -234.00    -22.00
2013-08-14 22:00:00.000 226       489.00    218.00   -270.00    -26.00
2013-08-14 23:00:00.000 226       491.00    229.00   -262.00    -17.00
2013-08-15 00:00:00.000 227       455.00    226.00   -230.00     -2.00
2013-08-15 01:00:00.000 227       542.00    178.00   -364.00    -94.00
2013-08-15 02:00:00.000 227       706.00    212.00   -494.00   -141.00
2013-08-15 03:00:00.000 227       408.00    153.00   -255.00    -51.00
2013-08-15 04:00:00.000 227       229.00    110.00   -119.00     -5.00
2013-08-15 05:00:00.000 227       141.00    101.00    -40.00     30.00
2013-08-15 06:00:00.000 227       124.00     61.00    -63.00     -1.00
2013-08-15 07:00:00.000 227       110.00     66.00    -45.00     11.00
2013-08-15 08:00:00.000 227       485.00    193.00   -292.00    -50.00
2013-08-15 09:00:00.000 227       766.00    347.00   -419.00    -36.00
2013-08-15 10:00:00.000 227       824.00    382.00   -441.00    -30.00
2013-08-15 11:00:00.000 227       342.00    285.00    -58.00    114.00
2013-08-15 12:00:00.000 227       102.00     85.00    -18.00     34.00
2013-08-15 13:00:00.000 227        66.00     41.00    -25.00      9.00
2013-08-15 14:00:00.000 227       129.00     52.00    -78.00    -13.00
2013-08-15 15:00:00.000 227        95.00     39.00    -56.00     -9.00
2013-08-15 16:00:00.000 227       558.00    180.00   -378.00   -100.00
2013-08-15 17:00:00.000 227       418.00    126.00   -292.00    -84.00
2013-08-15 18:00:00.000 227       173.00     98.00    -75.00     12.00
2013-08-15 19:00:00.000 227        83.00     52.00    -31.00     10.00
2013-08-15 20:00:00.000 227       100.00     64.00    -37.00     14.00
2013-08-15 21:00:00.000 227       276.00    138.00   -137.00      1.00
2013-08-15 22:00:00.000 227       534.00    173.00   -361.00    -94.00
2013-08-15 23:00:00.000 227       358.00    174.00   -184.00     -5.00
2013-08-16 00:00:00.000 228       428.00    249.00   -179.00     35.00
2013-08-16 01:00:00.000 228       562.00    260.00   -302.00    -21.00
2013-08-16 02:00:00.000 228       591.00    250.00   -341.00    -46.00
2013-08-16 03:00:00.000 228       993.00    372.00   -622.00   -125.00
2013-08-16 04:00:00.000 228       704.00    289.00   -415.00    -63.00
2013-08-16 05:00:00.000 228       196.00    135.00    -61.00     37.00
2013-08-16 06:00:00.000 228       133.00     89.00    -44.00     23.00
2013-08-16 07:00:00.000 228       484.00    209.00   -276.00    -34.00
2013-08-16 08:00:00.000 228       494.00    192.00   -302.00    -55.00
2013-08-16 09:00:00.000 228       233.00    136.00    -97.00     19.00
2013-08-16 10:00:00.000 228       188.00     96.00    -92.00      2.00
2013-08-16 11:00:00.000 228       337.00    123.00   -214.00    -46.00
2013-08-16 12:00:00.000 228       544.00    142.00   -403.00   -131.00
2013-08-16 13:00:00.000 228       481.00    104.00   -378.00   -137.00
2013-08-16 14:00:00.000 228       322.00     51.00   -271.00   -110.00
2013-08-16 15:00:00.000 228       453.00    154.00   -299.00    -73.00
2013-08-16 16:00:00.000 228       634.00    240.00   -395.00    -78.00
2013-08-16 17:00:00.000 228       456.00    138.00   -318.00    -90.00
2013-08-16 18:00:00.000 228       158.00     61.00    -97.00    -18.00
2013-08-16 19:00:00.000 228       235.00    108.00   -127.00     -9.00
2013-08-16 20:00:00.000 228       334.00    123.00   -211.00    -44.00
2013-08-16 21:00:00.000 228       289.00    105.00   -184.00    -40.00
2013-08-16 22:00:00.000 228       435.00    162.00   -273.00    -56.00
2013-08-16 23:00:00.000 228       400.00    131.00   -269.00    -69.00
2013-08-17 00:00:00.000 229       142.00     77.00    -65.00      6.00
2013-08-17 01:00:00.000 229       101.00     70.00    -31.00     20.00
2013-08-17 02:00:00.000 229       265.00     95.00   -170.00    -38.00
2013-08-17 03:00:00.000 229       212.00    111.00   -101.00      5.00
2013-08-17 04:00:00.000 229       221.00    100.00   -120.00    -10.00
2013-08-17 05:00:00.000 229       242.00    101.00   -141.00    -20.00
2013-08-17 06:00:00.000 229       250.00     91.00   -158.00    -34.00
2013-08-17 07:00:00.000 229       298.00     77.00   -221.00    -72.00
2013-08-17 08:00:00.000 229        83.00     46.00    -37.00      5.00
2013-08-17 09:00:00.000 229        60.00     22.00    -38.00     -8.00
2013-08-17 10:00:00.000 229        52.00     18.00    -34.00     -8.00
2013-08-17 11:00:00.000 229        76.00     36.00    -40.00     -2.00
2013-08-17 12:00:00.000 229       349.00     74.00   -275.00   -101.00
2013-08-17 13:00:00.000 229       318.00     69.00   -249.00    -90.00
2013-08-17 14:00:00.000 229       137.00     47.00    -91.00    -22.00
2013-08-17 15:00:00.000 229        52.00     22.00    -30.00     -4.00
2013-08-17 16:00:00.000 229        55.00     10.00    -45.00    -18.00
2013-08-17 17:00:00.000 229        89.00     17.00    -72.00    -28.00
2013-08-17 18:00:00.000 229        71.00     19.00    -52.00    -17.00
2013-08-17 19:00:00.000 229       103.00     28.00    -75.00    -23.00
2013-08-17 20:00:00.000 229       159.00     44.00   -115.00    -35.00
2013-08-17 21:00:00.000 229       147.00     39.00   -108.00    -35.00
2013-08-17 22:00:00.000 229       105.00     36.00    -68.00    -16.00
2013-08-17 23:00:00.000 229       105.00     33.00    -72.00    -20.00
2013-08-18 00:00:00.000 230       118.00     46.00    -72.00    -13.00
2013-08-18 01:00:00.000 230        36.00     15.00    -21.00     -3.00
2013-08-18 02:00:00.000 230        46.00     16.00    -30.00     -7.00
2013-08-18 03:00:00.000 230        52.00     19.00    -33.00     -8.00
2013-08-18 04:00:00.000 230        50.00     16.00    -34.00     -9.00
2013-08-18 05:00:00.000 230       114.00     83.00    -32.00     26.00
2013-08-18 06:00:00.000 230       224.00     96.00   -128.00    -16.00
2013-08-18 07:00:00.000 230       241.00     60.00   -182.00    -61.00
2013-08-18 08:00:00.000 230       245.00     79.00   -167.00    -44.00
2013-08-18 09:00:00.000 230       203.00     74.00   -129.00    -28.00
2013-08-18 10:00:00.000 230        95.00     39.00    -55.00     -8.00
2013-08-18 11:00:00.000 230       175.00     52.00   -123.00    -36.00
2013-08-18 12:00:00.000 230        95.00     26.00    -68.00    -21.00
2013-08-18 13:00:00.000 230        73.00     24.00    -50.00    -13.00
2013-08-18 14:00:00.000 230        41.00     21.00    -20.00      1.00
2013-08-18 15:00:00.000 230        37.00     14.00    -23.00     -4.00
2013-08-18 16:00:00.000 230       173.00     61.00   -112.00    -26.00
2013-08-18 17:00:00.000 230       262.00     61.00   -201.00    -70.00
2013-08-18 18:00:00.000 230       343.00     83.00   -260.00    -89.00
2013-08-18 19:00:00.000 230       312.00     80.00   -232.00    -77.00
2013-08-18 20:00:00.000 230       244.00     82.00   -162.00    -40.00
2013-08-18 21:00:00.000 230       257.00    119.00   -138.00    -10.00
2013-08-18 22:00:00.000 230        67.00     51.00    -17.00     17.00
2013-08-18 23:00:00.000 230        47.00     38.00     -9.00     14.00
2013-08-19 00:00:00.000 231        39.00     24.00    -15.00      5.00
2013-08-19 01:00:00.000 231        43.00     24.00    -19.00      3.00
2013-08-19 02:00:00.000 231        99.00     63.00    -36.00     14.00
2013-08-19 03:00:00.000 231        65.00     34.00    -31.00      1.00
2013-08-19 04:00:00.000 231        38.00     18.00    -20.00     -1.00
2013-08-19 05:00:00.000 231        48.00     12.00    -36.00    -12.00
2013-08-19 06:00:00.000 231        62.00     22.00    -40.00     -9.00
2013-08-19 07:00:00.000 231        71.00     32.00    -39.00     -4.00
2013-08-19 08:00:00.000 231        87.00     51.00    -36.00      8.00
2013-08-19 09:00:00.000 231        87.00     35.00    -52.00     -9.00
2013-08-19 10:00:00.000 231        69.00     32.00    -37.00     -3.00
2013-08-19 11:00:00.000 231        62.00     28.00    -34.00     -3.00
2013-08-19 12:00:00.000 231        56.00     29.00    -27.00      1.00
2013-08-19 13:00:00.000 231        50.00     23.00    -27.00     -2.00
2013-08-19 14:00:00.000 231       102.00     34.00    -68.00    -17.00
2013-08-19 15:00:00.000 231       186.00     30.00   -156.00    -64.00
2013-08-19 16:00:00.000 231       208.00     51.00   -158.00    -54.00
2013-08-19 17:00:00.000 231       206.00     40.00   -166.00    -63.00
2013-08-19 18:00:00.000 231        72.00     19.00    -53.00    -17.00
2013-08-19 19:00:00.000 231        69.00     20.00    -50.00    -15.00
2013-08-19 20:00:00.000 231       135.00     26.00   -109.00    -42.00
2013-08-19 21:00:00.000 231       106.00     19.00    -87.00    -34.00
2013-08-19 22:00:00.000 231        32.00     11.00    -21.00     -5.00
2013-08-19 23:00:00.000 231        27.00     12.00    -15.00     -1.00
2013-08-20 00:00:00.000 232        48.00     27.00    -21.00      3.00
2013-08-20 01:00:00.000 232        53.00     29.00    -23.00      3.00
2013-08-20 02:00:00.000 232        52.00     26.00    -26.00      0.00
2013-08-20 03:00:00.000 232        40.00     13.00    -26.00     -7.00
2013-08-20 04:00:00.000 232        59.00     30.00    -30.00      0.00
2013-08-20 05:00:00.000 232        57.00     22.00    -34.00     -6.00
2013-08-20 06:00:00.000 232        72.00     31.00    -41.00     -5.00
2013-08-20 07:00:00.000 232        93.00     35.00    -58.00    -12.00
2013-08-20 08:00:00.000 232        71.00     25.00    -46.00    -11.00
2013-08-20 09:00:00.000 232        63.00     27.00    -36.00     -5.00
2013-08-20 10:00:00.000 232        71.00     31.00    -40.00     -5.00
2013-08-20 11:00:00.000 232        80.00     34.00    -47.00     -6.00
2013-08-20 12:00:00.000 232        58.00     30.00    -29.00      1.00
2013-08-20 13:00:00.000 232        68.00     27.00    -41.00     -7.00
2013-08-20 14:00:00.000 232        54.00     28.00    -26.00      1.00
2013-08-20 15:00:00.000 232        47.00     24.00    -23.00      1.00
2013-08-20 16:00:00.000 232        45.00     22.00    -23.00     -1.00
2013-08-20 17:00:00.000 232        40.00     17.00    -23.00     -3.00
2013-08-20 18:00:00.000 232        46.00     18.00    -28.00     -5.00
2013-08-20 19:00:00.000 232        51.00     24.00    -26.00     -1.00
2013-08-20 20:00:00.000 232        56.00     32.00    -24.00      4.00
2013-08-20 21:00:00.000 232        84.00     51.00    -33.00      9.00
2013-08-20 22:00:00.000 232       117.00     54.00    -63.00     -4.00
2013-08-20 23:00:00.000 232       125.00     60.00    -65.00     -3.00
2013-08-21 00:00:00.000 233        41.00     26.00    -16.00      5.00
2013-08-21 01:00:00.000 233        48.00     39.00     -9.00     15.00
2013-08-21 02:00:00.000 233        63.00     50.00    -13.00     19.00
2013-08-21 03:00:00.000 233       260.00    179.00    -81.00     50.00
2013-08-21 04:00:00.000 233       445.00    197.00   -249.00    -26.00
2013-08-21 05:00:00.000 233       608.00    341.00   -267.00     37.00
2013-08-21 06:00:00.000 233       259.00    176.00    -83.00     47.00
2013-08-21 07:00:00.000 233       110.00     51.00    -59.00     -4.00
2013-08-21 08:00:00.000 233       172.00     74.00    -98.00    -12.00
2013-08-21 09:00:00.000 233       647.00    213.00   -434.00   -111.00
2013-08-21 10:00:00.000 233       550.00    205.00   -345.00    -70.00
2013-08-21 11:00:00.000 233       391.00    181.00   -210.00    -15.00
2013-08-21 12:00:00.000 233       478.00    128.00   -350.00   -111.00
2013-08-21 13:00:00.000 233       473.00    196.00   -277.00    -41.00
2013-08-21 14:00:00.000 233       342.00    137.00   -204.00    -34.00
2013-08-21 15:00:00.000 233       311.00    106.00   -205.00    -50.00
2013-08-21 16:00:00.000 233       218.00     58.00   -160.00    -51.00
2013-08-21 17:00:00.000 233       194.00     65.00   -130.00    -33.00
2013-08-21 18:00:00.000 233       181.00     60.00   -121.00    -31.00
2013-08-21 19:00:00.000 233       107.00     60.00    -47.00      7.00
2013-08-21 20:00:00.000 233       151.00     95.00    -57.00     19.00
2013-08-21 21:00:00.000 233       653.00    192.00   -461.00   -135.00
2013-08-21 22:00:00.000 233       279.00     89.00   -190.00    -50.00
2013-08-21 23:00:00.000 233       242.00    119.00   -123.00     -2.00
2013-08-22 00:00:00.000 234       513.00    157.00   -356.00   -100.00
2013-08-22 01:00:00.000 234       427.00    151.00   -276.00    -63.00
2013-08-22 02:00:00.000 234       418.00    188.00   -229.00    -21.00
2013-08-22 03:00:00.000 234       403.00    198.00   -205.00     -4.00
2013-08-22 04:00:00.000 234       123.00     96.00    -28.00     34.00
2013-08-22 05:00:00.000 234       292.00    184.00   -108.00     38.00
2013-08-22 06:00:00.000 234       261.00    110.00   -151.00    -21.00
2013-08-22 07:00:00.000 234       185.00     90.00    -95.00     -3.00
2013-08-22 08:00:00.000 234       221.00     66.00   -156.00    -45.00
2013-08-22 09:00:00.000 234       201.00     74.00   -127.00    -27.00
2013-08-22 10:00:00.000 234       142.00     34.00   -109.00    -38.00
2013-08-22 11:00:00.000 234       117.00     52.00    -65.00     -6.00
2013-08-22 12:00:00.000 234        94.00     45.00    -48.00     -1.00
2013-08-22 13:00:00.000 234       170.00     63.00   -107.00    -22.00
2013-08-22 14:00:00.000 234       216.00     66.00   -150.00    -42.00
2013-08-22 15:00:00.000 234       128.00     63.00    -65.00     -1.00
2013-08-22 16:00:00.000 234       109.00     30.00    -79.00    -25.00
2013-08-22 17:00:00.000 234       222.00     51.00   -172.00    -61.00
2013-08-22 18:00:00.000 234       259.00     72.00   -187.00    -57.00
2013-08-22 19:00:00.000 234       262.00    106.00   -156.00    -25.00
2013-08-22 20:00:00.000 234       585.00    154.00   -431.00   -139.00
2013-08-22 21:00:00.000 234       443.00    190.00   -253.00    -31.00
2013-08-22 22:00:00.000 234       770.00    234.00   -536.00   -151.00
2013-08-22 23:00:00.000 234       795.00    174.00   -621.00   -224.00
2013-08-23 00:00:00.000 235       644.00    196.00   -448.00   -126.00
2013-08-23 01:00:00.000 235       764.00    184.00   -580.00   -198.00
2013-08-23 02:00:00.000 235       638.00    187.00   -451.00   -132.00
2013-08-23 03:00:00.000 235       511.00    255.00   -257.00     -1.00
2013-08-23 04:00:00.000 235       329.00    208.00   -122.00     43.00
2013-08-23 05:00:00.000 235       309.00    167.00   -141.00     13.00
2013-08-23 06:00:00.000 235       430.00    150.00   -280.00    -65.00
2013-08-23 07:00:00.000 235       248.00    107.00   -141.00    -17.00
2013-08-23 08:00:00.000 235       387.00    151.00   -236.00    -43.00
2013-08-23 09:00:00.000 235       747.00    273.00   -474.00   -100.00
2013-08-23 10:00:00.000 235       553.00    238.00   -315.00    -39.00
2013-08-23 11:00:00.000 235       453.00    163.00   -290.00    -64.00
2013-08-23 12:00:00.000 235       656.00    216.00   -440.00   -112.00
2013-08-23 13:00:00.000 235       221.00    123.00    -98.00     13.00
2013-08-23 14:00:00.000 235        98.00     51.00    -46.00      3.00
2013-08-23 15:00:00.000 235       323.00    121.00   -202.00    -41.00
2013-08-23 16:00:00.000 235       356.00    115.00   -241.00    -64.00
2013-08-23 17:00:00.000 235       206.00     64.00   -142.00    -39.00
2013-08-23 18:00:00.000 235        82.00     35.00    -47.00     -6.00
2013-08-23 19:00:00.000 235       306.00     92.00   -213.00    -61.00
2013-08-23 20:00:00.000 235       465.00     90.00   -376.00   -143.00
2013-08-23 21:00:00.000 235       254.00     83.00   -171.00    -44.00
2013-08-23 22:00:00.000 235       143.00     59.00    -84.00    -13.00
2013-08-23 23:00:00.000 235       265.00    105.00   -160.00    -28.00
2013-08-24 00:00:00.000 236       302.00    119.00   -184.00    -33.00
2013-08-24 01:00:00.000 236       118.00     67.00    -52.00      8.00
2013-08-24 02:00:00.000 236        64.00     53.00    -11.00     21.00
2013-08-24 03:00:00.000 236       139.00     45.00    -95.00    -25.00
2013-08-24 04:00:00.000 236        93.00     45.00    -49.00     -2.00
2013-08-24 05:00:00.000 236        64.00     28.00    -35.00     -4.00
2013-08-24 06:00:00.000 236        72.00     35.00    -37.00     -1.00
2013-08-24 07:00:00.000 236        98.00     63.00    -35.00     14.00
2013-08-24 08:00:00.000 236       280.00     77.00   -202.00    -63.00
2013-08-24 09:00:00.000 236       285.00     89.00   -196.00    -54.00
2013-08-24 10:00:00.000 236       392.00    115.00   -277.00    -81.00
2013-08-24 11:00:00.000 236       315.00    115.00   -199.00    -42.00
2013-08-24 12:00:00.000 236       455.00    167.00   -288.00    -61.00
2013-08-24 13:00:00.000 236       264.00    106.00   -157.00    -26.00
2013-08-24 14:00:00.000 236       287.00     69.00   -218.00    -75.00
2013-08-24 15:00:00.000 236       112.00     43.00    -69.00    -13.00
2013-08-24 16:00:00.000 236       128.00     36.00    -92.00    -28.00
2013-08-24 17:00:00.000 236        76.00     27.00    -49.00    -11.00
2013-08-24 18:00:00.000 236        83.00     35.00    -47.00     -6.00
2013-08-24 19:00:00.000 236        60.00     34.00    -26.00      4.00
2013-08-24 20:00:00.000 236        74.00     37.00    -38.00      0.00
2013-08-24 21:00:00.000 236       236.00     32.00   -204.00    -86.00
2013-08-24 22:00:00.000 236       147.00     48.00    -99.00    -25.00
2013-08-24 23:00:00.000 236        64.00     41.00    -23.00      9.00
2013-08-25 00:00:00.000 237        82.00     55.00    -26.00     15.00
2013-08-25 01:00:00.000 237        29.00     23.00     -6.00      9.00
2013-08-25 02:00:00.000 237        14.00     14.00     -1.00      7.00
2013-08-25 03:00:00.000 237        21.00     12.00     -9.00      2.00
2013-08-25 04:00:00.000 237       112.00     88.00    -25.00     32.00
2013-08-25 05:00:00.000 237       359.00    151.00   -208.00    -29.00
2013-08-25 06:00:00.000 237       382.00    146.00   -236.00    -45.00
2013-08-25 07:00:00.000 237       304.00    141.00   -163.00    -11.00
2013-08-25 08:00:00.000 237       305.00    140.00   -165.00    -13.00
2013-08-25 09:00:00.000 237       326.00    157.00   -169.00     -6.00
2013-08-25 10:00:00.000 237       493.00    174.00   -320.00    -73.00
2013-08-25 11:00:00.000 237       314.00    140.00   -174.00    -17.00
2013-08-25 12:00:00.000 237       255.00    106.00   -149.00    -22.00
2013-08-25 13:00:00.000 237       335.00    122.00   -213.00    -45.00
2013-08-25 14:00:00.000 237       325.00     97.00   -228.00    -66.00
2013-08-25 15:00:00.000 237       142.00     37.00   -105.00    -34.00
2013-08-25 16:00:00.000 237       168.00     49.00   -119.00    -35.00
2013-08-25 17:00:00.000 237       222.00     69.00   -154.00    -43.00
2013-08-25 18:00:00.000 237       313.00     80.00   -233.00    -77.00
2013-08-25 19:00:00.000 237       253.00     82.00   -171.00    -45.00
2013-08-25 20:00:00.000 237       197.00     78.00   -118.00    -20.00
2013-08-25 21:00:00.000 237       209.00    104.00   -106.00     -1.00
2013-08-25 22:00:00.000 237       301.00    118.00   -183.00    -32.00
2013-08-25 23:00:00.000 237       273.00    126.00   -148.00    -11.00
2013-08-26 00:00:00.000 238       186.00     99.00    -87.00      6.00
2013-08-26 01:00:00.000 238       218.00    120.00    -98.00     11.00
2013-08-26 02:00:00.000 238       178.00    110.00    -68.00     21.00
2013-08-26 03:00:00.000 238       159.00    122.00    -36.00     43.00
2013-08-26 04:00:00.000 238        81.00     52.00    -29.00     12.00
2013-08-26 05:00:00.000 238        71.00     45.00    -25.00     10.00
2013-08-26 06:00:00.000 238        63.00     30.00    -34.00     -2.00
2013-08-26 07:00:00.000 238       124.00     42.00    -82.00    -20.00
2013-08-26 08:00:00.000 238       116.00     49.00    -66.00     -9.00
2013-08-26 09:00:00.000 238        91.00     61.00    -30.00     16.00
2013-08-26 10:00:00.000 238       131.00     58.00    -74.00     -8.00
2013-08-26 11:00:00.000 238       306.00     64.00   -242.00    -90.00
2013-08-26 12:00:00.000 238       179.00     55.00   -124.00    -34.00
2013-08-26 13:00:00.000 238       176.00     70.00   -106.00    -18.00
2013-08-26 14:00:00.000 238       105.00     51.00    -54.00     -2.00
2013-08-26 15:00:00.000 238       112.00     28.00    -84.00    -28.00
2013-08-26 16:00:00.000 238       168.00     29.00   -139.00    -55.00
2013-08-26 17:00:00.000 238       104.00     20.00    -84.00    -32.00
2013-08-26 18:00:00.000 238        83.00     23.00    -61.00    -19.00
2013-08-26 19:00:00.000 238        83.00     42.00    -41.00      0.00
2013-08-26 20:00:00.000 238        75.00     44.00    -31.00      6.00
2013-08-26 21:00:00.000 238       187.00     60.00   -127.00    -34.00
2013-08-26 22:00:00.000 238       344.00    104.00   -239.00    -68.00
2013-08-26 23:00:00.000 238       229.00     99.00   -130.00    -16.00
2013-08-27 00:00:00.000 239       194.00     88.00   -106.00     -9.00
2013-08-27 01:00:00.000 239       110.00     59.00    -51.00      4.00
2013-08-27 02:00:00.000 239       263.00     94.00   -169.00    -37.00
2013-08-27 03:00:00.000 239       121.00     82.00    -39.00     22.00
2013-08-27 04:00:00.000 239        54.00     39.00    -15.00     12.00
2013-08-27 05:00:00.000 239        48.00     33.00    -15.00      9.00
2013-08-27 06:00:00.000 239        48.00     21.00    -27.00     -3.00
2013-08-27 07:00:00.000 239        56.00     26.00    -30.00     -2.00
2013-08-27 08:00:00.000 239        62.00     35.00    -27.00      4.00
2013-08-27 09:00:00.000 239        70.00     52.00    -18.00     17.00
2013-08-27 10:00:00.000 239       127.00     69.00    -58.00      6.00
2013-08-27 11:00:00.000 239       370.00    137.00   -233.00    -48.00
2013-08-27 12:00:00.000 239       429.00    165.00   -264.00    -49.00
2013-08-27 13:00:00.000 239       379.00    100.00   -279.00    -90.00
2013-08-27 14:00:00.000 239       336.00    127.00   -209.00    -41.00
2013-08-27 15:00:00.000 239       129.00     64.00    -65.00      0.00
2013-08-27 16:00:00.000 239       312.00    119.00   -193.00    -37.00
2013-08-27 17:00:00.000 239       592.00    231.00   -361.00    -65.00
2013-08-27 18:00:00.000 239       742.00    323.00   -419.00    -48.00
2013-08-27 19:00:00.000 239       764.00    299.00   -466.00    -84.00
2013-08-27 20:00:00.000 239       964.00    258.00   -706.00   -224.00
2013-08-27 21:00:00.000 239       754.00    246.00   -508.00   -132.00
2013-08-27 22:00:00.000 239       330.00    208.00   -122.00     44.00
2013-08-27 23:00:00.000 239       318.00    172.00   -146.00     13.00
2013-08-28 00:00:00.000 240       381.00    150.00   -231.00    -41.00
2013-08-28 01:00:00.000 240       565.00    220.00   -345.00    -63.00
2013-08-28 02:00:00.000 240       532.00    181.00   -352.00    -86.00
2013-08-28 03:00:00.000 240       382.00    184.00   -197.00     -7.00
2013-08-28 04:00:00.000 240       324.00    178.00   -146.00     17.00
2013-08-28 05:00:00.000 240       248.00    122.00   -126.00     -2.00
2013-08-28 06:00:00.000 240       172.00     97.00    -76.00     11.00
2013-08-28 07:00:00.000 240       176.00    103.00    -73.00     15.00
2013-08-28 08:00:00.000 240       258.00     89.00   -169.00    -40.00
2013-08-28 09:00:00.000 240       121.00     72.00    -49.00     12.00
2013-08-28 10:00:00.000 240       289.00    134.00   -155.00    -11.00
2013-08-28 11:00:00.000 240       181.00     98.00    -83.00      7.00
2013-08-28 12:00:00.000 240       169.00    103.00    -66.00     19.00
2013-08-28 13:00:00.000 240       174.00     89.00    -85.00      2.00
2013-08-28 14:00:00.000 240       257.00     93.00   -165.00    -36.00
2013-08-28 15:00:00.000 240       125.00     46.00    -79.00    -16.00
2013-08-28 16:00:00.000 240        58.00     17.00    -41.00    -12.00
2013-08-28 17:00:00.000 240        35.00     15.00    -20.00     -2.00
2013-08-28 18:00:00.000 240        51.00     25.00    -26.00      0.00
2013-08-28 19:00:00.000 240        95.00     27.00    -68.00    -21.00
2013-08-28 20:00:00.000 240        89.00     34.00    -54.00    -10.00
2013-08-28 21:00:00.000 240       141.00     37.00   -104.00    -33.00
2013-08-28 22:00:00.000 240       125.00     35.00    -90.00    -28.00
2013-08-28 23:00:00.000 240        41.00     20.00    -21.00      0.00
2013-08-29 00:00:00.000 241        31.00     15.00    -16.00     -1.00
2013-08-29 01:00:00.000 241        23.00      7.00    -17.00     -5.00
2013-08-29 02:00:00.000 241        43.00     26.00    -17.00      5.00
2013-08-29 03:00:00.000 241        27.00     15.00    -12.00      2.00
2013-08-29 04:00:00.000 241        36.00     23.00    -13.00      5.00
2013-08-29 05:00:00.000 241        45.00     25.00    -20.00      3.00
2013-08-29 06:00:00.000 241        53.00     31.00    -22.00      5.00
2013-08-29 07:00:00.000 241        57.00     36.00    -21.00      8.00
2013-08-29 08:00:00.000 241        91.00     39.00    -52.00     -7.00
2013-08-29 09:00:00.000 241       108.00     44.00    -64.00    -10.00
2013-08-29 10:00:00.000 241        88.00     45.00    -43.00      1.00
2013-08-29 11:00:00.000 241        83.00     45.00    -38.00      3.00
2013-08-29 12:00:00.000 241        62.00     41.00    -21.00     10.00
2013-08-29 13:00:00.000 241        80.00     50.00    -30.00     10.00
2013-08-29 14:00:00.000 241       145.00     51.00    -93.00    -21.00
2013-08-29 15:00:00.000 241        91.00     37.00    -54.00     -8.00
2013-08-29 16:00:00.000 241        51.00     25.00    -26.00     -1.00
2013-08-29 17:00:00.000 241        36.00     17.00    -20.00     -2.00
2013-08-29 18:00:00.000 241        47.00     13.00    -33.00    -10.00
2013-08-29 19:00:00.000 241        56.00     18.00    -38.00    -10.00
2013-08-29 20:00:00.000 241        58.00     24.00    -34.00     -5.00
2013-08-29 21:00:00.000 241        44.00     22.00    -22.00      0.00
2013-08-29 22:00:00.000 241        38.00     21.00    -17.00      2.00
2013-08-29 23:00:00.000 241        37.00     18.00    -19.00      0.00
2013-08-30 00:00:00.000 242        23.00     15.00     -8.00      4.00
2013-08-30 01:00:00.000 242        22.00     15.00     -7.00      4.00
2013-08-30 02:00:00.000 242        24.00     14.00    -10.00      2.00
2013-08-30 03:00:00.000 242        27.00     18.00     -9.00      5.00
2013-08-30 04:00:00.000 242        40.00     27.00    -13.00      7.00
2013-08-30 05:00:00.000 242        53.00     30.00    -23.00      4.00
2013-08-30 06:00:00.000 242        58.00     40.00    -18.00     11.00
2013-08-30 07:00:00.000 242        82.00     61.00    -21.00     20.00
2013-08-30 08:00:00.000 242        69.00     46.00    -24.00     11.00
2013-08-30 09:00:00.000 242        79.00     58.00    -20.00     19.00
2013-08-30 10:00:00.000 242        78.00     53.00    -24.00     15.00
2013-08-30 11:00:00.000 242       115.00     82.00    -34.00     24.00
2013-08-30 12:00:00.000 242       182.00    110.00    -73.00     19.00
2013-08-30 13:00:00.000 242       188.00     81.00   -107.00    -13.00
2013-08-30 14:00:00.000 242        90.00     68.00    -22.00     23.00
2013-08-30 15:00:00.000 242       105.00     55.00    -50.00      3.00
2013-08-30 16:00:00.000 242       215.00     75.00   -140.00    -33.00
2013-08-30 17:00:00.000 242       305.00    104.00   -201.00    -49.00
2013-08-30 18:00:00.000 242       310.00    112.00   -197.00    -43.00
2013-08-30 19:00:00.000 242       287.00    109.00   -178.00    -35.00
2013-08-30 20:00:00.000 242       343.00    109.00   -234.00    -63.00
2013-08-30 21:00:00.000 242       449.00    122.00   -327.00   -103.00
2013-08-30 22:00:00.000 242       470.00    220.00   -249.00    -15.00
2013-08-30 23:00:00.000 242       723.00    160.00   -563.00   -202.00
2013-08-31 00:00:00.000 243       567.00    175.00   -392.00   -109.00
2013-08-31 01:00:00.000 243       529.00    184.00   -345.00    -81.00
2013-08-31 02:00:00.000 243       490.00    211.00   -279.00    -34.00
2013-08-31 03:00:00.000 243       290.00    127.00   -163.00    -18.00
2013-08-31 04:00:00.000 243       256.00     80.00   -176.00    -48.00
2013-08-31 05:00:00.000 243       318.00     94.00   -223.00    -65.00
2013-08-31 06:00:00.000 243       123.00     92.00    -31.00     31.00
2013-08-31 07:00:00.000 243       321.00    158.00   -163.00     -3.00
2013-08-31 08:00:00.000 243       616.00    264.00   -352.00    -44.00
2013-08-31 09:00:00.000 243       618.00    305.00   -312.00     -3.00
2013-08-31 10:00:00.000 243       316.00    196.00   -120.00     38.00
2013-08-31 11:00:00.000 243       150.00     87.00    -63.00     12.00
2013-08-31 12:00:00.000 243       385.00    112.00   -273.00    -81.00
2013-08-31 13:00:00.000 243       371.00     87.00   -284.00    -99.00
2013-08-31 14:00:00.000 243       275.00     94.00   -181.00    -44.00
2013-08-31 15:00:00.000 243       107.00     46.00    -61.00     -8.00
2013-08-31 16:00:00.000 243        71.00     25.00    -46.00    -10.00
2013-08-31 17:00:00.000 243        83.00     31.00    -52.00    -11.00
2013-08-31 18:00:00.000 243       101.00     23.00    -78.00    -28.00
2013-08-31 19:00:00.000 243        68.00     19.00    -49.00    -15.00
2013-08-31 20:00:00.000 243        35.00     24.00    -11.00      7.00
2013-08-31 21:00:00.000 243        79.00     53.00    -26.00     13.00
2013-08-31 22:00:00.000 243       172.00     68.00   -104.00    -18.00
2013-08-31 23:00:00.000 243       346.00    104.00   -242.00    -69.00
